DIMENSIONS 40 40
EMETTEUR 1 1
RECEPTEUR 25 3
M 1 0.5 0 0 7 0
M 1 0.5 7 0 14 0
M 1 0.5 14 0 28 0
M 1 0.5 28 0 32 0
M 1 0.5 32 0 40 0

M 1 0.5 0 0 0 10
M 1 0.5 0 10 0 28
M 1 0.5 0 28 0 32
M 1 0.5 0 32 0 40

M 1 0.5 0 40 5 40
M 1 0.5 5 40 14 40
M 1 0.5 14 40 23 40
M 1 0.5 23 40 32 40
M 1 0.5 32 40 40 40

M 1 0.5 40 40 40 32
M 1 0.5 40 32 40 28
M 1 0.5 40 28 40 10
M 1 0.5 40 10 40 0

M 2 0.3 0 32 4 32
M 2 0.3 5 32 12 32
M 2 0.3 13 32 14 32
M 2 0.3 14 32 21 32
M 2 0.3 21 32 23 32
M 2 0.3 23 32 31 32
M 2 0.3 32 32 39 32

M 2 0.3 0 28 7 28
M 2 0.3 14 28 19 28
M 2 0.3 20 28 28 28
M 2 0.3 32 28 40 28

M 2 0.3 0 10 7 10
M 2 0.3 7 6 13 6
M 2 0.3 14 10 28 10
M 2 0.3 32 10 40 10

M 2 0.3 5 40 5 32
M 2 0.3 14 40 14 32
M 2 0.3 23 40 23 32
M 2 0.3 32 40 32 32

M 2 0.3 14 0 14 25
M 2 0.3 14 26 14 28
M 2 0.3 28 0 28 5
M 2 0.3 28 6 28 11
M 2 0.3 28 12 28 28

M 2 0.3 32 0 32 5
M 2 0.3 32 6 32 11
M 2 0.3 32 12 32 28

M 2 0.3 7 0 7 7
M 2 0.3 7 8 7 11
M 2 0.3 7 11 7 28 




